6 0.3763 0.41270999999999997 0.2558 0.24861000000000003
6 0.3227 0.67675 0.30860000000000004 0.26469
6 0.6150800000000001 0.60413 0.22936 0.22747
6 0.58208 0.85457 0.24737 0.24834
6 0.8612000000000001 0.23207 0.2776 0.18735
6 0.85866 0.44411 0.26052 0.21142
6 0.8522000000000001 0.74256 0.29560000000000003 0.32832
6 0.26411 0.08765 0.21142 0.1753
6 0.61188 0.07065 0.19097 0.13249
6 0.08012999999999999 0.58553 0.13146000000000002 0.27426999999999996
6 0.09793 0.8682000000000001 0.17905000000000001 0.2636
6 0.5402899999999999 0.28528 0.18378 0.18975999999999998
6 0.18192 0.30909 0.21903 0.20937
6 0.6546799999999999 0.4395 0.15656 0.1182
6 0.48406 0.49897 0.96812 0.99795