5 0.34765625 0.228515625 0.3203125 0.23828125
5 0.5234375 0.7109375 0.2734375 0.1953125
5 0.1484375 0.630859375 0.296875 0.23828125
5 0.8832421875 0.4217578125 0.233515625 0.2567578125
5 0.6225 0.3380078125 0.263203125 0.219375
5 0.1878515625 0.4115625 0.222890625 0.179921875
5 0.4189453125 0.5153125 0.2641015625 0.2051171875
5 0.7108203125 0.5637109375 0.2358203125 0.16734375
5 0.2687890625 0.808984375 0.2762890625 0.1978125
5 0.5163671875 0.8940625 0.2462890625 0.1769921875
5 0.7984765625 0.7616796875 0.272265625 0.2160546875