5 0.341796875 0.228515625 0.31640625 0.23046875
5 0.51171875 0.7109375 0.265625 0.1875
5 0.6083984375 0.3347265625 0.221953125 0.208515625
5 0.8744140625 0.4083203125 0.241875 0.238515625
5 0.179375 0.408515625 0.2537109375 0.1825
5 0.40875 0.5081640625 0.25671875 0.2125
5 0.6804296875 0.5528515625 0.2271484375 0.1890625
5 0.7758984375 0.76515625 0.261875 0.22296875
5 0.13921875 0.6147265625 0.2784765625 0.238984375
5 0.2316796875 0.8094140625 0.28453125 0.2247265625
5 0.5107421875 0.884296875 0.243671875 0.161796875